# Allocation Matrix
P0: 0 1 0
P1: 2 0 0
P2: 3 0 3
P3: 2 1 1
P4: 0 0 2

# Request Matrix
P0: 0 0 0
P1: 2 0 2
P2: 0 0 0
P3: 1 0 0
P4: 0 0 2

# Available
0 0 0
